0 12 32 44 44 24 12 4
12 0 20 32 24 20 4 12
32 20 0 12 12 4 20 24
44 32 12 0 4 12 24 44
44 24 12 4 0 12 32 44
24 20 4 12 12 0 20 32
12 4 20 24 32 20 0 12
4 12 24 44 44 32 12 0